 0  7  8  9  3 10  4  5  2  1  6    1      0.00     25.50     25.50    212.15    263.14  true
 0  7  8  9  3 10  4  5  2  1  6    2     59.94     25.50      5.39    211.98    302.80  true
 0  7  8  9  3 10  4  5  2  1  6    3     65.33     25.50     23.43    212.87    327.13  false
 0  7  9  8  3 10  4  5  2  1  6    3     80.75     25.50     25.50    186.49    318.23  false
 0  7  3  9  8 10  4  5  2  1  6    3    105.12     25.50     23.43    188.55    342.60  false
 0  7 10  9  3  8  4  5  2  1  6    3    106.27     25.50     20.00    195.63    347.39  false
 0  7  4  9  3 10  8  5  2  1  6    3     86.36     25.50     20.00    207.07    338.92  false
 0  7  5  9  3 10  4  8  2  1  6    3     97.95     25.50     20.52    191.46    335.43  false
 0  7  2  9  3 10  4  5  8  1  6    3    108.71     25.50     37.59    174.39    346.18  false
 0  7  1  9  3 10  4  5  2  8  6    3     86.87     25.50     27.46    216.61    356.43  false
 0  7  6  9  3 10  4  5  2  1  8    3    119.14     43.10     34.06    177.92    374.23  false
 0  8  7  9  3 10  4  5  2  1  6    2     63.56     25.50      5.39    209.75    304.19  true
 0  8  7  9  3 10  4  5  2  1  6    3     68.95     25.50     20.81    212.87    328.12  false
 0  8  9  7  3 10  4  5  2  1  6    3     89.06     25.50     20.81    188.94    324.30  false
 0  8  3  9  7 10  4  5  2  1  6    3    108.51     25.50     23.43    186.32    343.75  false
 0  8 10  9  3  7  4  5  2  1  6    3    106.98     25.50     20.00    193.40    345.87  false
 0  8  4  9  3 10  7  5  2  1  6    3     86.99     25.50     20.00    206.85    339.33  false
 0  8  5  9  3 10  4  7  2  1  6    3     96.58     25.50     20.52    189.23    331.82  false
 0  8  2  9  3 10  4  5  7  1  6    3    108.34     25.50     37.59    172.16    343.59  false
 0  8  1  9  3 10  4  5  2  7  6    3     91.02     25.50     26.93    214.91    358.35  false
 0  8  6  9  3 10  4  5  2  1  7    3    124.44     43.10     34.06    175.69    377.29  false
 0  9  8  7  3 10  4  5  2  1  6    2     60.88     25.50     20.81    191.34    298.52  true
 0  9  8  7  3 10  4  5  2  1  6    3     86.37     25.50      5.39    188.94    306.20  true
 0  9  8  7  3 10  4  5  2  1  6    4     91.76     25.50     26.42    180.20    323.87  false
 0  9  8  3  7 10  4  5  2  1  6    4    131.32     25.50     23.43    165.51    345.75  false
 0  9  8 10  3  7  4  5  2  1  6    4    129.79     25.50     20.00    172.59    347.87  false
 0  9  8  4  3 10  7  5  2  1  6    4    109.80     25.50     20.00    186.04    341.34  false
 0  9  8  5  3 10  4  7  2  1  6    4    119.39     25.50     20.52    168.42    333.83  false
 0  9  8  2  3 10  4  5  7  1  6    4    131.15     25.50     37.59    151.35    345.59  false
 0  9  8  1  3 10  4  5  2  7  6    4    113.83     25.50     26.93    194.10    360.35  false
 0  9  8  6  3 10  4  5  2  1  7    4    147.25     43.10     34.06    154.88    379.30  false
 0  9  7  8  3 10  4  5  2  1  6    3     81.69     25.50      5.39    186.49    299.05  true
 0  9  7  8  3 10  4  5  2  1  6    4     87.07     25.50     23.43    180.20    316.19  false
 0  9  7  3  8 10  4  5  2  1  6    4    126.86     25.50     23.43    163.06    338.85  false
 0  9  7 10  3  8  4  5  2  1  6    4    128.01     25.50     20.00    170.13    343.64  false
 0  9  7  4  3 10  8  5  2  1  6    4    108.11     25.50     20.00    181.57    335.17  false
 0  9  7  5  3 10  4  8  2  1  6    4    119.70     25.50     20.52    165.97    331.68  false
 0  9  7  2  3 10  4  5  8  1  6    4    130.45     25.50     37.59    148.90    342.43  false
 0  9  7  1  3 10  4  5  2  8  6    4    108.61     25.50     27.46    191.11    352.68  false
 0  9  7  6  3 10  4  5  2  1  8    4    140.89     43.10     34.06    152.43    370.48  false
 0  9  3  7  8 10  4  5  2  1  6    3    101.10     25.50     23.43    167.91    317.94  false
 0  9 10  7  3  8  4  5  2  1  6    3    112.50     25.50     20.00    174.98    332.98  false
 0  9  4  7  3 10  8  5  2  1  6    3     96.10     25.50     20.00    186.42    328.02  false
 0  9  5  7  3 10  4  8  2  1  6    3    114.02     25.50     20.52    170.82    330.85  false
 0  9  2  7  3 10  4  5  8  1  6    3    130.34     25.50     37.59    153.75    347.17  false
 0  9  1  7  3 10  4  5  2  8  6    3    102.92     25.50     26.93    196.50    351.84  false
 0  9  6  7  3 10  4  5  2  1  8    3    129.23     43.10     34.06    157.28    363.67  false
 0  3  8  9  7 10  4  5  2  1  6    2    100.50     25.50     23.43    188.72    338.14  false
 0 10  8  9  3  7  4  5  2  1  6    2    106.17     25.50     20.00    195.79    347.46  false
 0  4  8  9  3 10  7  5  2  1  6    2     86.35     25.50     20.00    207.23    339.08  false
 0  5  8  9  3 10  4  7  2  1  6    2     94.92     25.50     20.52    191.63    332.56  false
 0  2  8  9  3 10  4  5  7  1  6    2     77.47     25.50     37.59    174.56    315.11  false
 0  1  8  9  3 10  4  5  2  7  6    2     43.10     25.50     26.93    217.31    312.83  false
 0  6  8  9  3 10  4  5  2  1  7    2     25.50     43.10     34.06    178.09    280.75  true
 0  6  8  9  3 10  4  5  2  1  7    3     86.37     43.10      5.39    175.69    310.55  true
 0  6  8  9  3 10  4  5  2  1  7    4    111.87     43.10     20.81    154.88    330.66  false
 0  6  8  3  9 10  4  5  2  1  7    4    131.32     43.10     23.43    152.26    350.11  false
 0  6  8 10  3  9  4  5  2  1  7    4    129.79     43.10     20.00    159.34    352.23  false
 0  6  8  4  3 10  9  5  2  1  7    4    109.80     43.10     20.00    172.79    345.69  false
 0  6  8  5  3 10  4  9  2  1  7    4    119.39     43.10     20.52    155.17    338.18  false
 0  6  8  2  3 10  4  5  9  1  7    4    131.15     43.10     37.59    138.10    349.95  false
 0  6  8  1  3 10  4  5  2  9  7    4    113.83     59.94     26.93    155.78    356.47  false
 0  6  8  7  3 10  4  5  2  1  9    4     91.76     43.10     20.81    178.81    334.48  false
 0  6  9  8  3 10  4  5  2  1  7    3     93.85     43.10     20.81    157.28    315.04  false
 0  6  3  9  8 10  4  5  2  1  7    3    129.50     43.10     23.43    154.66    350.70  false
 0  6 10  9  3  8  4  5  2  1  7    3    129.46     43.10     20.00    161.73    354.30  false
 0  6  4  9  3 10  8  5  2  1  7    3    109.64     43.10     20.00    173.17    345.92  false
 0  6  5  9  3 10  4  8  2  1  7    3    112.63     43.10     20.52    157.57    333.82  false
 0  6  2  9  3 10  4  5  8  1  7    3     84.63     43.10     37.59    140.50    305.82  true
 0  6  2  9  3 10  4  5  8  1  7    4    154.09     43.10     20.81    119.69    337.70  false
 0  6  2  3  9 10  4  5  8  1  7    4    167.65     43.10     23.43    117.07    351.26  false
 0  6  2 10  3  9  4  5  8  1  7    4    154.49     43.10     20.00    124.14    341.73  false
 0  6  2  4  3 10  9  5  8  1  7    4    140.63     43.10     20.00    135.58    339.32  false
 0  6  2  5  3 10  4  9  8  1  7    4    129.23     43.10     20.52    119.98    312.83  false
 0  6  2  8  3 10  4  5  9  1  7    4    129.41     43.10      5.39    138.10    316.00  false
 0  6  2  1  3 10  4  5  8  9  7    4    122.22     59.94     26.93    113.57    322.66  false
 0  6  2  7  3 10  4  5  8  1  9    4    133.40     43.10      5.39    140.33    322.22  false
 0  6  1  9  3 10  4  5  2  8  7    3     59.55     59.94     26.93    158.17    304.59  true
 0  6  1  9  3 10  4  5  2  8  7    4    101.60     59.94     20.81    137.36    319.71  false
 0  6  1  3  9 10  4  5  2  8  7    4    131.57     59.94     23.43    134.74    349.68  false
 0  6  1 10  3  9  4  5  2  8  7    4    129.56     59.94     20.00    141.82    351.32  false
 0  6  1  4  3 10  9  5  2  8  7    4    109.88     59.94     20.00    153.26    343.08  false
 0  6  1  5  3 10  4  9  2  8  7    4    113.22     59.94     20.52    137.83    331.51  false
 0  6  1  2  3 10  4  5  9  8  7    4     97.14     59.94     44.60    113.57    315.26  false
 0  6  1  8  3 10  4  5  2  9  7    4     87.01     59.94      5.39    155.78    308.12  true
 0  6  1  8  3 10  4  5  2  9  7    5    131.96     59.94     23.43    132.34    347.67  false
 0  6  1  8 10  3  4  5  2  9  7    5    130.43     59.94     20.00    139.42    349.79  false
 0  6  1  8  4 10  3  5  2  9  7    5    110.44     59.94     20.00    152.87    343.26  false
 0  6  1  8  5 10  4  3  2  9  7    5    120.03     59.94     20.52    139.42    339.91  false
 0  6  1  8  2 10  4  5  3  9  7    5    131.79     59.94     44.60    111.18    347.51  false
 0  6  1  8  9 10  4  5  2  3  7    5    112.51     59.94     20.81    134.97    328.23  false
 0  6  1  8  7 10  4  5  2  9  3    5     92.40     60.88     20.81    143.78    317.86  false
 0  6  1  7  3 10  4  5  2  8  9    4     86.48     60.88      5.39    157.47    310.21  true
 0  6  1  7  3 10  4  5  2  8  9    5    131.66     60.88     23.43    134.04    350.01  false
 0  6  1  7 10  3  4  5  2  8  9    5    132.80     60.88     20.00    141.12    354.80  false
 0  6  1  7  4 10  3  5  2  8  9    5    112.90     60.88     20.00    152.56    346.33  false
 0  6  1  7  5 10  4  3  2  8  9    5    124.49     60.88     20.52    137.13    343.02  false
 0  6  1  7  2 10  4  5  3  8  9    5    135.24     60.88     44.60    112.87    353.59  false
 0  6  1  7  8 10  4  5  2  3  9    5     91.86     60.88     23.43    143.78    319.95  false
 0  6  1  7  9 10  4  5  2  8  3    5    107.29     63.56     25.50    131.98    328.32  false
 0  6  7  9  3 10  4  5  2  1  8    3     84.70     43.10      5.39    177.92    311.11  true
 0  6  7  9  3 10  4  5  2  1  8    4    105.51     43.10     25.50    152.43    326.54  false
 0  6  7  3  9 10  4  5  2  1  8    4    129.88     43.10     23.43    154.49    350.90  false
 0  6  7 10  3  9  4  5  2  1  8    4    131.02     43.10     20.00    161.57    355.69  false
 0  6  7  4  3 10  9  5  2  1  8    4    111.12     43.10     20.00    173.01    347.23  false
 0  6  7  5  3 10  4  9  2  1  8    4    122.71     43.10     20.52    157.41    343.74  false
 0  6  7  2  3 10  4  5  9  1  8    4    133.46     43.10     37.59    140.33    354.49  false
 0  6  7  1  3 10  4  5  2  9  8    4    111.62     60.88     27.46    157.47    357.43  false
 0  6  7  8  3 10  4  5  2  1  9    4     90.08     43.10     23.43    178.81    335.43  false
311.24
0 7 8 9 3 10 4 5 2 1 6 